1.84463612744119
0.487229385900658
1.10509598708061
0.614708822455971
-0.287545534766635
-0.929505221737412
-1.24266470157289
-1.09771240638369
-3.06161049543498
-0.854056379396421
1.7697147453317
-0.615406098621279
-0.249100473083897
1.58603663955601
0.774924163129511
-0.197104749251868
-1.36879525909357
-2.18904443046329
-2.10374017589938
-0.613401823199784
0.594062954159644
0.679233884613228
1.48321522515191
0.577249086361459
-0.695945090739626
-1.79573789983441
-2.19960859499429
-1.01557510291455
0.169209371802237
1.28317314449066
0.717402570016227
-0.407008035833889
0.287453973933958
0.445250476573144
1.64454847122096
2.28225174484473
0.615748157787201
-0.453129735890307
-0.119455283584483
0.319690379548147
-0.441865458009163
-1.12984148233443
-1.57856968694815
-1.54941624507943
-0.527790464947164
0.82973661224788
1.45708224147605
-0.368665159020833
0.239690451698539
2.38143441520188
2.41444742430757
3.25148259296259
-0.0586042860817815
-1.88448666172527
-0.996979155219567
-0.637972552810423
0.951291922250948
0.877576261313932
1.40037071117504
3.49630018641087
1.82092820167829
-1.03247405818333
1.16942900489115
-0.698310744948013
-2.61850681154783
-0.573465409081191
2.04148992967746
2.2431405925437
-0.181245849099651
-0.162729433560981
-1.07435949072076
-0.560283442728634
1.85483142697563
0.373998384933865
-1.23875090141823
0.339282931525012
0.308893708921618
-1.60762236578118
-1.48986794553878
-0.032651928451773
0.635935467139478
1.10125710834423
1.09856748332363
-1.31005727922526
-1.43951594135885
0.506753678047789
1.87098304482871
1.28448281224804
0.54498196315872
-0.0642307462002701
-0.0767926477479647
-0.856211175092206
-2.18495486594179
-0.934931132307196
-0.862471521760363
-0.628202317552978
-0.175774183153503
1.76206191617699
3.91863990215395
1.70096240767762
2.24513683822543
1.65462507073946
0.402972547098015
-0.648057910139867
-1.31086314911996
-0.401022849859007
-0.41191919633872
1.83324592143997
2.02790045101773
1.6173014323838
0.480644729189021
-1.55338988080976
-2.2314552680507
-2.78720481622717
-2.26242128507942
-1.04044155199936
0.360890284777272
1.23461087214169
1.28118079186266
2.44565912484945
4.11279714039783
2.37929783175557
-0.388404066101126
-1.87229099371345
-2.38175960116379
-0.361144338691647
0.471337262434958
1.21255763659601
2.65448701778542
2.41698790888559
1.63385010504956
0.439064084799965
0.850499356905897
0.901821391796266
-0.0122537403310231
-0.241015770330212
1.79742838309551
2.82270077596195
0.684434872691925
-0.090401158890785
0.131956641570949
0.662653319390883
-0.921802694435725
-0.291006563290413
-1.2768699780837
-0.416960154261562
3.10174719691818
1.53777911292292
-0.285072321199618
-0.0179432912622942
-2.34384143220551
-4.54698308111363
-1.22180345355729
0.886583914505585
0.938312191362602
-0.0817937205883025
-1.03331470329735
0.274350783933656
0.124532863924057
0.171226383495201
0.0460570378176109
-2.033532908836
-2.97364769365751
-2.76757289887818
-2.35261213212258
-0.344759954076929
1.77795708786226
-0.134186129973389
-1.11331335053622
-1.22687098946297
-0.998093549207143
0.253691352699878
-0.0746056987517727
-0.410471261409292
0.135409426727253
-0.489865392393996
-0.900790100007538
0.697619430510166
0.937384084597524
-0.802774859827168
-1.97863097433147
-0.535484618028147
0.460883464426651
-2.01414808516868
-1.08341174040616
1.16402950919495
-0.290743140105042
-0.477831259520263
-1.61235503539679
-1.49429586589259
0.00698822259393783
0.215422126833492
0.435894779140018
0.714018207956397
1.61135581784304
2.36804412220458
0.305159372317795
-1.06748682174058
0.378253275630647
2.1234435295603
2.04923020979274
1.37758813667766
0.673307842672535
-1.57943392637232
-2.38024446648989
-1.67970842426437
-0.661731190225107
-0.663280640300534
-0.315415762252458
-0.592093946573221
-1.08002275285048
-1.0870195700822
-2.28429464352382
-1.65834024738109
-1.01233628183265
-1.89109141160048
0.90696076332151
-0.288632651174721
-3.50639291791645
-0.420217209372713
0.288441421438601
-0.802804246924751
0.448907629870049
0.738406299275672
0.463816675464651
0.0371480934863894
-3.60072229995255
-2.50177810558079
1.02844515658884
-0.232494361874908
-0.56083546779175
1.31845111540252
3.07893398589424
1.70138226784311
-1.4109044328267
-1.86082416567106
-0.0677340593161392
0.133944472494309
0.738084408985099
-0.437505801622491
-1.73352207419858
-0.380089124569931
-1.22621757798275
-2.03167603701234
-0.387757567408398
-0.826129108014928
0.289497283774802
1.89674020742949
2.42908794274375
2.93281943050143
0.569643336794027
-1.56005338033289
-0.62539760016515
1.90904590107802
1.3752256890704
0.707069360138148
-0.00670976803070422
-0.877559144584004
0.649872149284569
1.55128635390808
-0.485891174445776
-1.52311469064732
0.815633821233496
3.35865873756163
2.36216647408252
2.8535328671163
2.67815990976458
0.921146362118315
0.983998883316689
0.269143256580354
1.36322987035635
1.57608579571868
-0.931749055965817
-2.31694530135541
-0.932079717470421
-1.01459206401544
-0.695975425159414
-0.48433088572765
-0.440139814842995
0.512546964399318
0.685356074658489
-1.02673942661099
-0.414260816452244
2.95516387693007
2.61446054668842
1.05276961999213
0.333290521946714
-1.79794202348868
-2.60597821821895
-3.04683673191295
-2.89380002542874
-1.28287955469251
0.0641633433750083
-0.912590759053798
-2.28453266818462
-2.03172882838386
-2.06650327712444
-0.927884821677188
-0.0432660389860586
-0.947652929639833
-1.80250479116356
-0.438223686410508
2.51490792944972
0.768440132056531
1.19687207396389
2.43069631208706
0.722054722229926
0.311462783079708
1.04639422579067
0.382373288493979
-2.1533003655553
-3.16111161736067
-0.822604761185967
0.627485058092963
-0.915115088826465
-0.793565082105014
-0.646430487346583
-1.66871025098582
-1.10799454750265
0.300190924506361
0.0737843070133471
1.82349998283373
1.38720763688811
0.147837081980695
-0.957229050962593
-1.96838777951396
-0.189699803827546
-0.982222853252968
-1.38686425091308
-0.535600268239407
-0.389343437428234
-0.550560577694153
-2.79043015264931
-0.641921846112601
0.601674334003608
-1.61335057408115
-1.75905906153972
-0.50640101793195
0.684575035620033
0.712159661079087
1.13844901158469
2.4948874889913
1.75351609287591
0.473707720120957
-0.038444112790587
0.819536997222082
-1.05934609772098
-4.45378195963703
-3.53920093498186
-0.0589859211246428
2.0988557980402
2.8261804172756
3.51068829717532
3.53165157532279
1.56516956802492
1.19795444035685
2.0898061488315
0.431727046287346
0.517337681615041
0.0401977359861991
-0.886957283047927
-1.38056507246978
-3.2303858056511
-3.31853500511787
-4.66064431292106
-4.16974789152054
-2.68585296477012
-0.54506227870965
0.504426482106597
2.74941644359973
3.77162636211188
2.81040111408078
2.64142665070952
0.212406760398588
-1.46392790951023
-1.10292751140141
-0.664419237329752
-0.812937872876585
-0.0336292649174546
0.0593031483622057
-0.448863812863032
1.13472601913857
0.586422090554384
-1.26125290493392
-0.0276316496745378
-0.173161585207898
-0.694258382044777
-0.252894090454035
0.383673534822555
2.23348108590195
2.43449373968566
2.15571414225693
3.10699989410311
2.22456027748158
3.14890421659035
1.48076152452186
-1.02324683626287
-1.16773788494784
0.193058662389867
0.0704139685751641
-0.890673435403541
-0.31054571055024
0.711526898521884
1.51089226105535
-0.0171423221973169
0.0273710140914204
-1.2983084819845
-1.17521107486105
0.531479937802494
-0.0544716681528378
0.353395112162148
-0.562664528715475
-0.623875998420665
-0.781652557284477
0.588192824268005
1.55022977135264
-0.646227590262578
0.0734049952836921
1.53963917664043
0.0146590547581439
-1.53292843364836
-1.0043646388622
1.05620888041732
0.0620204095611003
-0.600223944683436
-0.358451607335617
-1.89735600789698
-0.807080793633498
-0.17975581806591
-0.867318786462546
-1.71152088882254
-0.963585651852049
0.255613134749182
0.894089975731322
-0.533747581780807
-1.97621175241117
0.63814188174048
0.770271156455708
-1.32649855702735
-3.07425514861006
-2.25385302932197
0.490940727550131
3.00840588031502
3.18489609420502
2.18539537138575
1.86338064092306
0.187390123155933
0.836453236778142
0.125688619993983
0.83236042195039
1.26715824478799
-0.313523050163339
-0.643805002701131
-1.08669759398934
-1.5967574062216
-0.119330608535649
1.52275277010968
-0.182885160633846
-0.28539987182485
0.0137758957639661
0.124074418741571
0.130358207749764
3.42314298864891
5.049496477318
1.70470653044447
-0.553611527711864
-1.38771290197594
-0.651091463177462
-0.791384291737915
-1.09257781083156
-2.17828829168338
-1.12668304328893
0.279580660651055
0.23065360701044
0.345719339389622
0.428145755539637
0.919698162067353
-1.02302045797005
-2.40952102075359
-2.53846662842293
-1.94472118972525
-1.14055588855052
-0.782828816743718
-0.284202327265134
0.509158436130948
2.10517662550571
2.16102291754978
-0.136701451787631
0.584714384326886
0.786800649655036
0.614207126638068
2.62347511661011
3.1594207003701
0.759134006156453
-1.22101614673535
-0.299158095759519
1.45516814498193
3.16612851157873
1.45109363756671
-0.0431468267207246
-0.29275321524076
-1.52216379982016
-2.14744222300313
-1.41229001977825
-1.48232809746172
0.14233127559849
1.66338603596503
-0.335091851360033
-0.0623947729512066
0.641472063618115
-0.525068805934918
-0.373477441292282
0.45685753116487
-1.03284416120897
-1.76207592156263
-0.659318309949404
-0.770977474945872
-1.32954040676558
-2.52891240146964
0.208382926162235
1.81844455227567
1.02751106709079
0.628108628147659
0.420745143704951
0.524267078812138
0.936751462367027
-0.0823316709725577
-1.20106171505711
-0.748268578109936
0.2939776484718
-0.024606040802331
-1.30293744280258
-1.12003493362871
0.120012782137903
0.799547139485537
2.16236894633914
1.406422942793
1.08030320398844
0.89422279466875
-0.670607701438268
0.470021315225051
1.41971319710168
0.0331461006847991
-1.10516599631117
-0.386646191147315
-0.501851754005426
-3.2516816929332
-2.14818854287579
-0.814787127745657
-2.59027632185292
-0.035818903784147
1.21582657647198
0.417645166599041
-0.00345100819530222
0.505898425961884
0.67903106337458
-0.303291637812203
-1.16059441477716
-1.35345574179804
-0.406525564205044
-0.386935352528548
-0.508154382071986
-0.901752052062914
0.190601063095603
0.298950346812387
0.413804617862533
0.0848704988863617
-0.87696053923675
1.00168318104366
0.193936374411913
-2.68565780691504
-0.270415558287161
0.982525602843432
-0.573449712983847
-1.61925032447267
-1.50250853256511
-1.01365869413165
-2.11939219036644
-2.20416860626287
-2.27335452522773
-1.85510240521928
0.217781786158147
1.23660590367146
1.91518501762199
2.57353717162932
1.08594284523243
-1.25497118149332
-1.20192588848658
0.402636992010974
1.93220396968403
1.19071665960332
-0.539263829971545
-0.355746539511146
0.700364401081554
-0.248181179190286
0.0897384497839283
0.864751401581308
0.0898067092602484
0.14516698956942
0.773560656229084
1.14192953167519
1.52793286868076
2.11509899730106
2.56130403836771
0.463330206187546
-0.453292119862108
0.367934195407558
0.914295529373201
0.607593758610658
-0.731788716997426
-0.352092259097922
-0.680986720667678
-0.868142091193808
1.30062173603712
2.54860824489294
1.38637200582727
-0.549010073278863
0.535436566770845
-0.178313232483877
-1.3822446687243
0.00587397626681674
0.0364938463501175
-0.309919227528174
0.884339834490829
0.762942012704753
-1.0743149225675
-1.32588548699733
0.21838194885818
0.0957373497170301
0.948779395700039
2.25811326404114
1.90139416492387
1.53845588360177
0.829839894791142
0.172942714953068
0.431567266282188
2.58146898668981
1.49532467211229
0.387573448794935
0.66913192039459
1.18376921547958
2.1524774985329
2.20440897371629
3.75923632170127
2.40484352136983
0.621621611279728
0.164308857189984
1.32204336959685
0.49858204695199
0.066504733217073
1.05965606659252
1.13779888822533
1.45814925298332
0.943638080829838
0.227134904359
0.154725300159015
1.87374179203382
0.336415842807231
-0.927298895210543
-0.129617812929064
-1.00498083253231
-0.865522330675855
-0.9961351093215
-0.780111524136752
-1.23835853710051
-1.63039877383339
-1.42915551363201
-2.80156166316793
-2.84826948699155
-1.75180500015376
-0.732774413492967
0.328812891538511
-0.412428785918524
0.155227579098481
3.33080356634527
2.10732448471793
1.93972622165733
1.42793065862493
-0.631586189568978
0.981577762168847
-0.505271195937129
-0.011614756958691
1.42454623973616
-0.49918276565128
-0.224006996860242
-0.0434221113599809
0.238806202495919
-0.0676204805192969
-0.0841355257804337
-0.705717832557474
0.833121422108453
3.03280441174653
1.01828375619664
-1.88883380233333
-2.92896910959225
-1.61936873810088
-0.509997012786824
-0.327917530780763
0.00403412767177636
-1.78092861791048
-2.18980402218857
-0.969595338003521
-0.0583600421147374
0.316876439409036
-0.100227795799293
1.33809875293328
2.65162843525078
2.57975207840446
1.66470208473357
0.220385416589882
-1.5517094006029
-3.2968812601702
-2.34968504375375
0.490812962752344
0.373407766072747
0.911742036163706
2.61856566021195
0.849765246091247
-0.631972879610733
0.464711464484746
-0.626197385523917
-0.344632762931094
-0.302892617565146
1.52052068189815
1.75989723855222
-0.330899783563667
2.34582506131634
1.42856571218939
-0.79627580258281
0.187182621268599
0.298886828237254
0.201775542206755
1.85082244300254
2.5063635632845
-0.249817886950316
-1.11539639496882
-0.022768556729287
0.366573359193435
0.750751948896382
0.389179287842572
0.191018470724005
0.211258450652626
0.32511770579391
-0.735525868512552
-1.16965162687708
-0.939821313276835
-1.83685309350747
0.328753142614029
2.1717909503266
1.40641831328493
0.0382565287405053
-0.581684943883994
-0.947654460645576
-2.51225900243412
-1.68336077611278
-0.925805611410497
-0.198604457089109
0.503173046640353
0.0193274489901245
1.0219024041933
0.170251333140409
0.54119049432355
2.34079986186532
0.0363633428650849
-0.726540126809989
-1.0725604127592
-0.744759853019896
-2.43900834502076
-3.78021567557166
-2.3727313349982
-1.48351005631775
-0.393636977412579
-1.16261074553303
-0.997146087310401
-0.419532806074207
-0.441822071348118
-3.2132959984333
-4.05002649958365
-2.86024891005796
-2.50095357451315
-1.52218765197284
-2.53639442946293
-0.957727505329603
-0.254029949105851
-0.19900213667478
0.60601536292756
-0.669797908809773
1.67122389242347
3.57950858811568
3.67824986899318
1.47905998592333
-1.53016213026828
-2.57783422918523
-1.58172120153811
-0.535795735407553
-0.347353865698572
-0.177528566100387
-0.128897399151422
-1.79414775354553
-1.96101133180807
0.454286541764168
1.36346234311264
-0.0722550123858522
-1.09823338565411
-1.72793741319378
-0.701502655526615
2.31047046861649
1.24928521119922
-0.12896558779181
0.0320686114692141
-0.199920599606159
-0.380283329191653
-2.12439778451644
0.438263257799274
1.00895019307881
-0.703321886848526
0.86733656132837
1.63242697858953
-0.428292931820946
-1.10271895608756
-2.05640493655575
-2.44227826123658
-0.851282572493069
-0.0701954040451974
3.43834620726371
2.72498113008213
-1.15595177769386
-0.536230235044783
-1.71871851002258
-2.24240605651676
-1.09264565071399
-0.370325285656053
1.57590393956508
0.637143611082719
-0.967037494566178
-0.0546092287724466
0.303704980507713
1.15284109256906
1.95043463468543
1.67304439631516
-0.582917635724069
-0.986674265047643
0.417445199970402
1.10745203865391
0.848570318832038
-0.045648231251058
0.23597269174355
-0.581713342590381
-0.297609766472504
1.57035119387724
-0.227396210055112
0.0450705979037513
2.09075216300095
1.06646282716559
-0.0179017294661883
0.192901780496887
-0.105348451425577
-0.338680239127982
1.93408916330406
0.385282007229437
-1.48340048463438
-0.538357281847885
-0.152972516851849
-1.07401806351449
-0.153117074217621
-0.404917672025727
-0.170241417688276
1.63454848862155
1.50044509077469
1.17909805985132
0.747675961318389
-0.0543116574023084
0.315672078438208
1.37888688307408
1.29408553195439
0.514090772804457
-0.0478721251759713
1.42199690638435
2.30979433995225
0.969167385448997
0.857963603883635
-0.0241051607989065
1.29841312054899
0.49085187543489
-0.575828575435885
0.752945115408789
-1.65436237441799
-3.00440825472315
0.567006037555923
1.87891827790603
0.82102265668817
1.34925953759488
-0.357415156739403
-2.34444038323868
-1.19312617269581
0.0414150746758201
-0.515939120668576
-0.71044836491465
0.00991398037841773
1.86254718059383
2.08549072215627
0.516718448048828
0.028312483502479
1.46792224704184
0.490200934873596
-2.65065904748987
-1.47208342007279
-1.50838051875127
-2.14332276876959
0.0196143391937045
-0.462128479145893
-0.622729609578598
-1.0582976187911
-0.347132014056604
2.9154589516794
1.4094484141725
-0.0449968681488494
-0.835700767594525
-0.562128938653726
-1.81925211755385
-2.37419706047291
0.634485381537933
-0.0883213510891209
0.0683608783702155
-0.766287569523054
-2.34750369230303
-1.09793124464803
-0.321490315032008
-1.22755723151927
-1.5276386779865
-1.19351047360923
-1.14255545175445
-1.22566111731432
-1.64764913812843
-1.1716371909429
-0.813633083667283
-0.722217285152894
-1.59680069766131
-2.75199170274064
1.14388428804516
1.6019295900072
-0.888641227016125
-1.96779323350299
-0.953211113834048
0.992457361071137
0.636452776349757
-0.195602044717537
-1.76601420641282
-3.06986920846514
-2.80617688748604
-1.94460012068297
-0.667848802442848
0.75858468399043
1.76997542205655
1.68301251733118
1.28621838379089
-0.403550447311139
0.156414958152483
0.650839131457951
-1.7847207710644
-1.32764162947333
-2.21023201401271
-0.466399650705535
-0.178077636480606
-1.36403283263455
-0.850373885293736
-1.82072160640175
-1.88373731367483
-2.76314591450729
-3.69500059684626
-2.67434634467058
-0.848787795458255
-1.1024615942491
-0.90828496609623
-0.798560868620356
-1.48361556088724
-0.428486051818387
-0.848986710646483
-1.71952547210583
-0.597722844172961
0.756005564257488
2.66502772012065
0.878894880273382
0.0645382422887226
0.693066483460704
-1.65789584155799
-0.34258167879406
2.16910571316637
2.31862261377683
2.27863892300835
1.8375657573163
0.281241377143418
-1.52246585604167
-0.914756689667183
0.681921042542773
1.04655977492732
-0.264530946919731
-0.698842740559901
-0.822395703204212
-1.54292050258631
