-1.46937650885883
-2.52971044546862
-0.103274963862558
-0.130346982268
-0.340461707533515
-1.60224846772921
-1.66922004696071
-0.549533873559371
1.52717992947978
-0.344865064684202
-2.94389617338146
-1.23083746520852
-0.556194362537318
-0.733803708021629
-1.97017234263137
-2.69401961016014
-2.67689552565215
-0.977559401855094
1.13712484529044
1.52733991157283
2.28988642448804
0.934187511328983
1.54270908734445
1.1084251537573
-0.796205360204164
0.165920371007082
0.157568534368344
0.158327528390117
0.802103872682638
0.155009176750307
-2.67348756374522
-2.46917189388867
-0.749559298817539
-0.342532488664373
-0.00128238565658079
0.623599286247405
0.373501437444385
-1.64210931984932
-3.2291122605731
-1.799680373341
0.173426439288484
1.36683087218573
0.211340782866654
-0.493237010697947
-1.37669530712181
-0.39789074272662
2.16784623127096
1.86866156636388
-0.894729664186902
-2.17284295820671
-1.20367315205482
-1.16445117647248
0.9275485934588
0.564676565551661
-0.565292527523384
-1.73642076392326
-2.57517622330027
-0.300543371298797
1.68364999957863
1.08155270337439
-0.812503006108339
-3.43726063154282
-1.9082632632595
0.396254131715717
-0.0447461158578194
-0.00549679965598654
-1.43624966765345
-2.3906570995138
-0.719815436299881
1.62289132495686
1.40492167319271
0.0451250483636649
0.0509466131479015
0.211881222470358
0.00458794772462658
-0.78000320387785
-1.57784796744119
-1.44015686035445
-2.42394524989887
-1.75641580299214
0.367737426025427
1.10532747081899
0.067418643623314
-1.82292421666478
-1.56175857894675
-0.296565335160878
-2.15906440445962
-2.60905450259254
-0.297911566510985
1.73086528523134
1.3555057650471
-1.2074784461277
-1.63649578029624
-2.40838927765981
0.325888406924151
2.3212909250246
2.99377170037768
1.37282201696932
-2.3171393342936
-2.00524078557283
-0.368606066769139
-1.06594992621083
-3.13356451978442
0.170637576340867
2.76243476545473
3.06281234064316
1.33896907160356
0.49689871744783
2.38576235227033
1.78936169518993
0.539786143824675
-0.184574106165622
-2.42103811714615
-1.60764667122078
-0.192449605801333
0.923866152040788
0.500409740453268
-0.113947837155901
-0.571353062067907
-1.28580658659475
-0.0924418309717845
-1.91944197347318
-2.91760774554961
-0.873712058673038
-0.330058530646303
-0.274197763896473
0.281455068830513
0.361448862254713
1.57410983128245
0.636169976340039
-0.762091926311255
-2.16979097566429
-0.680274033967833
-0.109887482321093
-0.657927576136292
-1.19660027354473
0.0990496891497052
-0.228992647989248
-0.881408815021263
0.225356733977846
1.16082291605135
0.947891378672781
1.0782923926502
0.180065490903994
-1.22539239270247
-2.82745902261272
0.163161707158561
4.68321520029062
5.92673368391366
3.14173421352411
-0.63910715668577
-2.52760407772808
-0.724412888410252
0.00959793194632219
1.05785114552317
1.34883368055809
2.00510304364534
0.63510186533834
-0.41374901665809
-1.53449456465126
-2.1788048517609
-0.749476704920279
1.57868244808369
2.44234078393442
0.847331923421749
0.793513954661198
0.733375011963897
0.452179718429295
0.166379711797105
-1.26915324956539
-1.18053320763938
1.05000722219442
1.06859653734104
0.41952258174063
-1.6932121782776
-2.01933956183256
-0.11209855359079
0.82106193971287
1.15289740180371
0.812147125844366
-1.28364711475397
-2.48932803275626
-1.72053623023105
-0.72776378181972
0.0810584740538309
-0.529237646371392
-0.20340891164876
0.219782441088659
-0.393383577155644
0.797409380710475
1.4255165277441
0.685700941542777
0.864908948176152
1.70009473336135
1.14921584599458
-0.412152177414199
-1.37212190806792
-1.77075786351289
-1.32225796184739
-0.0539376141132329
2.38145093178484
2.08172733006903
0.800278169541832
1.57289339887342
0.943654115311895
1.38659200065307
1.37254325488224
0.430293948504712
0.0654070515279791
-1.93997096138848
-3.58489435072763
-0.0872897293124273
2.17084909060399
2.55446134851268
1.25277866851382
-0.330399395743592
-1.09927160777957
-2.43534977541752
-1.75405412394085
1.86615373434999
3.77229592797292
-0.000648653943254307
-1.56866336435162
0.204102824402371
-0.2389275318832
0.585763460326537
0.0504225843083398
-2.52039322665411
-1.97190364344431
0.224390973238669
0.773917944297046
-1.55204599941567
-2.74468758252284
-1.01369734713338
0.757948812711364
1.89054736751174
-0.373932472377368
-1.62130163739233
0.471805430121388
0.570794204391153
0.937504319736277
0.536300640485486
0.823193786746232
0.0242958290973255
-1.45868019634976
-0.035267704254319
0.772957181311667
0.771995155036646
1.65304044064418
-0.0121804466006895
-0.224294238318248
0.15592383012866
0.592076148959819
-0.834281404136044
-0.354921654428221
-0.879803426325656
-0.599892997309423
-0.425445980724887
2.09206321418431
2.31070522482453
1.30777462597701
0.993571976278819
0.581396688376649
-0.44102904965769
1.81801789015153
2.12576915938319
-0.98270922078772
-4.12912568860957
-4.38803319734683
-1.12483243771397
0.655947086300143
1.65182482011999
-0.115727096717317
-1.33549567440712
0.263981838293272
1.33349983407127
0.153421074292091
-1.19249173247536
-1.5013210143663
0.632626936674307
2.48912388669953
3.21375848929136
1.68170535885766
0.153824557338941
-1.14645337658614
-1.68857223825621
-0.097101168348515
1.13306789273102
-0.497154738976155
-2.31821938437873
-1.26426113306718
-0.634830383864081
-0.10554419842852
0.227125160465736
-0.831270410215569
-1.28108189112201
-1.17099292905167
1.18597077142076
2.09145792764871
1.34484700682587
0.744087644281111
-0.0525095699063742
-1.51640772600737
-1.39191522266162
0.228043275467564
0.971934476275787
1.18263934075124
-0.156091381228998
-0.41635455250177
-0.28417404179602
-0.842830767074858
-2.45905544112262
-2.5317658372021
-2.72589941595319
-0.142092946515315
0.470672024231725
0.344749843299217
0.339485321255011
0.29582613689044
-1.50895365020009
-1.05542573493084
-1.21452632841437
-1.78013777776855
-0.755372945468793
1.91357536093225
1.74602013618704
-1.79208590713973
-3.46743013496521
-3.51334981939875
-0.0785437837882086
0.571679134903317
1.02407009588209
0.652824632447929
0.202031278582083
1.03092628329542
2.0759104212282
0.0412428507390994
-1.08561912322269
0.408883399503541
1.62357371088963
-0.437351729682191
-2.60977687609483
-2.645411755082
-1.51279669116351
-0.193957807372892
-0.644110183936194
-2.00597661773466
-1.07493664293357
-0.577548086149885
0.286278799886673
0.0326746826559144
-0.22354452757726
-0.696843821154813
0.444255742520054
1.59373778150277
0.39522982447079
0.634723477906476
0.230010747680159
-0.774045607305011
-0.0555226889603361
0.686181369862517
1.20534639475012
-0.270674478910422
-2.96792426091068
-2.39396947844581
-0.628693300346377
1.82301677886531
1.80766072036893
0.885710704109687
-0.598024142983571
-2.34957172725854
-1.68455398729975
0.898787039878107
0.764382279096703
0.413390479462571
0.358817934729016
1.51436385296958
3.66849656007681
2.23625190606207
-0.989546818771599
-1.74132117462487
-0.119533854974254
0.47440686335515
1.25088558953393
-0.665935692694296
-1.28139145288977
0.323981700139282
1.57307418664078
1.14256078672406
-1.02404423351522
-2.26019971400832
-2.61061291973658
-0.41262317716548
0.595807403226284
2.1994020975089
3.30834922410645
1.42593299487313
-0.176146421925888
-1.68832090274692
-0.095162636338047
1.53758816929262
1.44402631256354
-1.28733692723579
-1.15625850133845
1.35914636260985
2.74528864469982
2.6692040858485
2.90546764486529
3.04547167845945
3.03056245615631
2.02774789188045
-0.920245484198607
-0.0995703008515462
0.468682399937455
1.76975839413569
0.960249330312495
-0.645832948582785
-1.06357691607332
1.68349568538798
2.3933530566863
1.94384713817826
-0.677490727041716
-1.652174103465
-0.588684646889478
1.01388381854466
1.54353997917037
1.37274405414381
0.547012889989914
1.71692498251864
2.61476712225544
0.380690559138098
-1.66338089023138
-1.49775376472746
-0.245679151904795
-0.321082505486149
-1.37491949543304
-0.70225210369012
1.16296655268997
3.61616471720233
4.09666408330812
2.03923556601659
-1.22897085220846
-1.89055078003701
-1.76503943257147
-0.617077066960708
1.88769680397713
2.76474911948441
1.91109957283492
1.68425996691657
0.735483192338705
-0.185660701835931
1.3564477744351
1.2905637500666
-0.0501351813296791
-2.70952883871756
-1.96049588083014
-0.691982922796292
0.0661644718287253
2.24073282452137
2.22669936100704
-0.32567840721696
-2.84831083391041
-2.56370723668018
2.54939137809027
3.96380913732733
0.782061533184488
-0.457651337502288
0.162657235248221
-0.563196722326832
-1.25627788022668
-1.80477246110713
0.0877773801713601
1.19793168146145
-0.960494902886493
-0.845959565502206
0.954141547510697
3.0308296258556
3.52951386003006
1.44178287908162
-0.508714927811075
-2.41553419878422
-1.85902910801763
-1.24818671820183
-0.65773694332613
0.535875434614792
0.130805649601677
-0.426779814991566
-0.121228145682306
1.97621608600129
2.03461173742294
-0.159554756023821
-2.44561160607511
-1.64983849231674
-0.889073714565085
-2.03485884373284
-2.39153179294548
-1.51317359805165
-0.678275005855654
3.26107131183266
2.369230958629
-1.57954967837266
-2.04343892160811
-1.33102497135915
0.189555891287496
-0.382181634787187
0.669934855846682
2.15113398953226
4.00536508318004
3.74734187583808
0.813567955531016
-0.422693834884884
-0.438221059896181
0.415151431619181
0.23595766451382
0.838758255272964
-1.5761403536869
-3.3047118915618
-2.9117063042287
0.661323062357488
1.89193913352997
0.106178201147056
-1.60213450091657
-2.70707413725381
-0.368501446693078
1.35791656957751
0.0396000918772462
-2.38374274079639
-1.25127311173941
-1.26439254868056
-1.80240215041635
0.0101762748338499
0.511825866492054
1.22312031117421
1.01131260164818
-0.578826725154091
-1.029872027167
-1.20399695770512
-1.11987488564294
-0.449886146120135
-0.278347834339358
0.12215617639634
1.30291805485218
2.14374401608225
0.904238401952523
0.296800298163106
-1.66412443905539
-2.31290572947404
-0.939796144609287
-1.14315375745313
-2.30176089573579
-0.673632452219884
1.90271103142127
2.3757548808591
-0.74431444404393
-1.8259741285422
0.139675786293731
1.3579228855767
0.511405156654946
1.39932322053199
0.434872551683194
-0.406340612790765
0.170897050309194
0.534251257233037
-2.6093250248619
-2.91407796130453
0.212170307209395
1.20979310812587
-0.543677344236434
-1.03357776206808
-1.07160166931167
-1.52165356148702
-0.687395017400001
1.30465067018207
0.986959237945432
-0.618074681671805
-1.49413065204735
-0.443614606350765
1.47153949244503
0.662799606866207
-0.328225196418478
-0.836206524009526
-1.75891221260944
-1.07605132273741
0.343642746872053
2.21666466832959
2.90216996552593
-0.275183266332387
-0.893504191208847
-1.73049321607165
-2.71804380247811
-1.8901671491828
0.764770096116624
0.29920412384472
-1.66754700496914
-0.863475104356629
-1.01444975010681
-1.24343333718882
1.13094410228607
2.22400581089996
0.0536842902781204
-1.5640590053471
-0.712576957934024
-0.646563496298639
-0.874844501832634
-0.866745078341254
-0.880840796036923
-0.412588751378552
0.86117668240969
0.363117309922529
-0.70721529093367
-0.930644120451762
-0.333125832814593
1.77631283452871
2.92290409699392
3.01248835415102
0.934771270269524
-1.45901033565841
-1.28271360023652
1.75809313527479
3.10517801114807
1.11988178852959
-0.6187046594396
-0.541637111337412
0.46166161323571
0.69643621808155
1.45842421889768
0.296165163287612
-0.337091328119802
-0.366027162472262
0.238502983525855
0.185460598681405
-0.294669393793485
-1.04792197209487
-0.363619187914132
-0.196353591377603
1.7079168688368
1.11611480766588
-0.977245908052272
-0.688658358760021
0.743942647379974
1.5970921526479
0.501506217843125
-2.04941714069572
-2.11349362835734
-1.25389138230293
0.664387209302323
2.11727596146151
1.67027851923387
0.0917367019147437
-2.43553703043399
-2.38734423506321
0.017208400872545
3.25255128593491
4.53095781983118
1.77457742033954
-2.20408647000658
-2.65587272238107
-0.519658141441858
-0.0114690186859387
1.83521627976218
2.03873073850143
0.533381824993884
-0.055371261458329
-1.45122626313703
-0.186132144412204
2.07740980971118
3.68557578504444
3.02701657093494
0.133460777342222
-0.666209606164486
-0.791894826398299
0.0805324675534139
2.33389005003837
2.89750815952925
0.917689634935156
-1.01059851943649
-2.24564514734351
-2.25190574028904
-0.169330979033547
1.70462542138777
2.37202231718854
2.29032234234806
1.52780533201432
-0.118781455969504
-3.09276278794438
-3.41040292101979
0.347905804100038
3.02391613307634
2.18087379723384
3.5181788693975
2.95058326211666
-0.181713112001058
-1.70668278099548
-1.51515025766933
0.645166990246285
2.90386228743697
0.957781509997879
-2.27076051149394
-1.95412590909883
0.0258594602176265
1.55089374006404
1.08479199599148
-0.0305050198220054
0.484900385076761
0.400992182314013
-1.53820215817531
-2.2170829179925
0.288763105239439
0.370073699727285
-0.579198706077088
-0.160037360666487
-0.205114147994885
-0.0528668178120391
-0.39671309308024
-0.286347029679083
-0.463970166704795
-0.979996446422569
-0.480397003264072
0.394934170492988
0.523682872618189
0.490467630200059
-0.030899250658667
0.634158596884199
1.04900313906999
-0.484236709662871
1.35821875114321
2.64844299372717
1.1991460429747
0.317280648032372
1.48551970703511
1.49570625350516
1.16867404546223
1.32607667846017
-0.240174524077845
-0.605152011990409
0.920012802243931
0.978088654221688
0.118047754220339
-1.14833486225262
-1.07556803615588
-0.551318407312542
0.512000182797854
0.272486814596359
0.767335967228813
0.695861653775749
-1.00205072979093
-1.34734389945654
-1.31080474099246
0.194848900622509
2.03172112018413
2.4161531790163
1.45544183129603
-1.17548540614436
-0.833746616101264
-0.440147732032532
-0.567999386269817
2.01228921477264
1.95579470297756
0.573771684285954
0.519649552327602
1.86091170478139
1.11781830187341
-0.853065229139335
-1.23624598950984
-0.042978073817029
2.77116695965933
1.6726479919923
-0.113471380695249
-1.47818435798568
-0.0192599667952978
0.924821667774984
1.05243610920139
-0.238555742836567
0.860175922297477
0.0775930519540068
0.467717670155939
2.97496834035538
0.149498918855357
-1.86472195060145
-0.803296701739532
-0.608393452288323
0.270604376854839
1.84146210521658
2.18230055547725
0.0863684510498702
-0.376571466580033
-1.48139080284064
-1.81798068044306
0.760960535546971
0.472181545803289
0.586252902837082
-0.314979808996626
-1.91919659253582
-0.688204143809802
0.412720661000488
-1.22981434830533
-1.62094324328232
-0.148976809720949
1.14392015024144
2.12209686188481
0.3763911462553
-0.538600200723921
-0.514656394980581
0.786589063630082
0.80906337031487
-0.559572300354061
-1.68664451415433
-3.27232003660496
-2.64730456454479
-1.1604061035437
0.085238240830843
-0.708395597842546
-0.347419134582052
0.837121745935095
0.910214746727085
1.95083125476028
2.44402229168273
0.825630717760112
-1.43578138974531
-3.27445464882625
-1.1716603344008
0.576901823154997
-2.03955500698611
-1.79513870406992
0.217089915721302
3.2348920777483
3.16445152362193
0.964103260109072
0.646922661978627
-1.2044293300725
-2.24208675281609
-1.39157662038787
-0.833139604625432
-0.274507227374379
1.90734777481758
0.660812809191266
-0.801798898347869
-1.72977248945196
-2.08935401606902
0.151731735673219
2.0786546456725
0.809440884125379
-0.258550238286277
1.26988761733145
3.21022057763275
0.962810091711286
-0.757138795088894
-2.93198329506904
-2.923931374473
-1.39396350125414
0.106815697799908
1.07783984194374
1.59030706873376
1.67017308255725
0.967437080195325
-1.21628233276014
-0.753496527922057
1.76670486533911
1.51207368021667
-0.95667463378616
-2.40547454212494
0.0569744756026124
1.88812010909749
4.17864884393137
1.59569989132317
-1.24266053275905
0.0671612187620891
0.76198832332338
1.00262802475548
-0.662908740237686
-2.12883067064178
-2.10301178019994
0.758678860073349
2.43502020444092
0.671153509528054
-0.863733957001805
0.540362092093552
2.29294227951393
1.38591976449855
-1.1932591150243
-0.889251090977244
0.869924084285752
2.2652064078167
2.30340998164994
1.92007225185266
0.530519035659014
-0.859621739471903
-1.99906178812765
-2.49819218096905
1.09283630174899
3.06978744375153
-0.486421453311936
-3.54110308768928
-2.48312731010798
-0.349401829624549
2.46086981402954
2.50142816605189
0.832746010356556
-1.45703235017966
-1.32334390116229
0.0951588924199206
0.13157759975388
-0.0709088534638818
1.15068776396439
1.10742783034578
0.385455400104925
-1.62022435038261
-3.26895626576898
-1.68092098858426
1.11449562453359
0.580442547158282
-0.768559252194303
-0.87754445227016
-0.580707980080028
0.531632150649747
0.768703432199666
-0.207819032154718
1.50718011510875
0.900735681923626
-1.79349034202885
-1.62871476250959
0.927585546236042
0.652344361070755
1.56501338515076
1.81603070068571
0.362625893557989
1.21153335410517
-0.528625343542911
-1.77105475653135
-1.41070621994529
-0.129569013282636
-0.21937883762359
-1.1858576394061
-1.33409641828135
0.439116593869772
0.202160445618539
-1.33418037089851
-2.99257145479047
0.331505518693427
3.14238513620248
3.39538946805912
0.618406440976616
-1.86858041562381
-0.5958484264158
-0.660250340438593
0.551069868384506
0.919911756423193
-2.8499681880525
-2.78021222981206
-1.13576222474035
-1.32283174781326
0.930649154484122
1.09288427127042
-0.847883253897791
-2.88045602939735
-1.75854901579301
-1.385402646501
-1.79812365359633
-0.415477707847455
1.00464858136421
0.857741663754243
1.35197918335616
0.932767317853482
1.30184884730169
-0.255948877193581
-0.916500270417086
-1.20241938799082
-0.208529185852693
0.0126379171845628
-0.155739059939477
0.221228379548307
0.217697455526869
0.187022234271182
1.5731971458874
0.56083303776319
0.450502329514066
1.45458047565799
0.844792231031641
0.447925841054039
0.861551392113825
0.680938234473963
-2.27228616331092
-1.8402987816227
-3.59440831474576
-2.66297285533047
-0.239085864970445
0.971281062185448
2.16839826703432
2.87462873095169
3.73655146180462
1.34380717586342
0.010918689740558
-1.72399570387229
-1.4020813591965
-0.320816691502506
-2.59773590338521
-2.48282759329889
-2.21219806938137
-1.64055019756628
-0.0879123248076785
