0.152823780024724
0.519042993408149
1.04551445311331
1.21630498022951
-0.213974131027411
0.479977761559847
0.84731145516213
0.455490415147646
-0.100160039262441
-1.559671318873
-1.13916378731422
-2.1493342607571
-2.0685652462276
-0.565367850688242
0.143610738187861
0.472557455123641
1.698968631816
-0.405346152606779
-1.34059264956923
-0.0780953576425806
0.432712850943101
-0.215945840908486
2.28800255562659
1.17934786253908
1.9856369792259
0.657847795004819
-0.574683524218188
-2.5573526564231
-2.01346845815923
-0.159319845882117
-0.797248371280257
-0.23693781659466
0.0917412188121547
0.0413410397299632
-0.878004528492106
0.54354510163958
-0.0478202041405932
-0.410529469435389
1.80065201290849
2.09225612403355
-0.267849567007615
-0.80107358727878
0.106429344469957
-0.360584002329604
-0.701462553944014
-1.95123386869968
0.726099389236147
0.515912876737319
-0.335675654559907
-1.28541543442501
1.40276651400128
0.340447634500019
-0.65028132111095
-1.41535502643139
-0.33571530956506
-0.346907252224751
-0.467241739277488
-1.16469676867725
0.0835796316064018
-1.2521935292521
-0.0536451814428794
0.587276876511284
0.187774083745464
0.204869911813178
-0.786957152256335
0.320144038311798
0.260182679557706
1.89315597727035
0.271664907754887
0.0938911056316946
-0.697823608908468
-1.28179496737182
-0.403251550307383
-0.796453933836278
2.11949529812336
0.3670113758039
0.222553048908437
-0.805961880767354
-1.37308984962983
0.255748696556545
2.08587068854775
2.79528274593369
1.62795947754858
1.5764331702443
1.79343025291471
1.03517211536042
0.674971351169627
-0.0860060526378693
0.525384980939019
0.00637628932219696
-0.742959117639463
-1.93522588125474
-2.49021177427709
-2.35571069261331
-0.326440321520496
-0.0338138541560637
0.250787906920768
-2.06831542659962
-1.84366608666088
-1.35685975577672
-0.0150635725002427
0.621969348719161
-0.817092159023846
-2.88760448040145
-1.45237139141371
1.93278585686993
-0.361995377618659
0.968218103138066
0.697662767570509
-1.13618924933747
-2.41723151132406
-0.0476171452279939
0.0437451420320533
1.15984918854967
1.34512895138112
-0.163517666854413
-0.732166559381186
-0.0911910020403041
-0.949310063613289
1.08459507660815
0.66221845434677
1.55611035249972
2.52601873147806
-0.202015327703422
-0.309783850835114
0.693065440687518
2.12339217397489
-0.400054644494119
-0.443201931436077
-1.45204721772788
-1.71386009053085
0.393534031771616
0.415107221280998
-0.309981626188612
-1.28210020557237
-0.626057080160352
-0.850442185776491
0.962240714033082
0.580297946203759
1.33103472902955
0.987958992079555
0.803961195142408
0.948417590573435
1.05112345756615
-0.256462811994039
-0.00361381668578081
-2.04662423123927
0.143428679243474
1.46501230543991
2.6006365255236
2.05697594294172
1.05482688186249
-0.106347182549649
-1.09782726759034
-2.25300226684757
-0.880780591783263
0.179979691084287
-1.98991443490251
-1.83469894829557
0.541786783350048
-0.725889641813201
-0.208284095008801
-0.799722765000664
1.12703863826847
1.81133467826002
0.754003755617488
0.387336302878783
0.166475842928599
-1.39104016035107
0.160159543257279
-0.29152132523141
0.0340440114774422
1.90298366972549
0.989243434586346
0.380117037835949
-0.186774926005302
0.757857955614402
-0.496842290827409
0.727720372822469
1.52644734047518
1.12861682159459
0.478080201264986
0.113157989932662
0.28559037372893
1.46574966384637
0.669057009449398
0.679412050724302
1.54843616119086
1.43524740849494
-0.788470765407463
-0.336642871861209
0.936267360210011
0.399616968920421
-0.2075079947255
-1.08254752848864
-0.690389957492687
-0.997398117738207
0.647928011685159
1.41405687411646
2.90975008181768
2.39633716293245
1.44358904896133
0.866426648269176
0.939295836084491
-0.816081940401103
-0.4125764870884
0.203018580237743
1.12174785382019
-0.585463553357713
0.0781278917181083
-0.628294775764636
-0.725429813541442
-1.33629694279017
-1.29008521780132
-2.79693915325108
-0.133481522664855
-0.101471257261994
0.809212055659118
0.48381652922585
0.781879081089859
0.245575830907594
-1.00807042677131
-2.69631425564407
-2.67486661589542
-1.33253636715787
1.54820381946337
1.07627248719989
1.40476452795392
0.625081873753222
0.550065879602987
0.840901920795812
1.62074811637113
3.14717349600925
3.04227586498653
0.161090247780171
0.299286988679767
0.0851351235041943
-1.91683548647025
-0.972752627765326
-0.425058210294391
-0.0100467653372234
0.296770156638571
-0.286961524942461
-0.123312867210684
0.243597695249718
0.644979585730298
0.57519761601494
1.6596933973426
1.48748658965298
1.19086882315182
-1.18633061418533
-0.987213385384447
-0.450388708088709
0.100307090571924
-0.905052099424138
-0.167641709568968
-0.500596597291262
-0.0342788806785573
1.96829380657976
0.0608748127903996
-1.98034309614892
-1.08693554361136
-0.412339437652315
-2.15901737029831
-2.19574394310889
-1.63163512721369
-0.00805030830005671
1.02118789857101
-0.00131677073997719
-1.39286712087061
-1.41961902984802
-0.833785945937481
0.0517739066146062
0.954257245046254
-0.236373813060148
-0.701258747092758
-2.59272387111442
-1.53015427504925
-0.373138180573795
0.322324495347343
-0.442659914803608
0.298810548688865
2.8162540352582
0.86867821093777
-1.10964627398021
-0.724488949737721
0.578088053835454
-0.48805989485394
0.76786527084479
-0.226555734276513
-0.311742655584568
-0.0550686530547432
1.29094061469875
-0.258913542016583
0.158870051528331
-0.277190607185302
0.356609104519694
1.70862443883225
1.39263585289563
0.747063564861303
-1.20509955954542
0.982258636837132
-0.478833456818406
2.11616649425901
-0.374674551804314
0.235325673065081
-2.73345730574263
-1.20612253658107
0.172389536238153
0.747085819570689
0.640857353256622
1.33588189143878
1.8342945971936
1.09402948895663
1.59961435833332
0.407607863327051
0.384095209609889
0.731414973467471
-0.301286557552069
-0.558642378353685
0.40057805933473
0.238742892112802
-1.15957795069092
-2.14329982275135
-0.914080660799284
0.318300180618686
0.805159313604517
0.601825343024474
-0.72276725810271
-2.28122964175338
-0.265750088066629
-0.275128247978679
-0.363195862292968
-2.59793173867321
-1.44069864419568
-0.167900199775403
-0.756114444615971
0.00183000191935892
0.189084911150235
-0.88022557722398
-2.594466889008
-1.47633138469579
-0.661762830987352
-0.0985612497685867
0.504663051248771
-0.147114066182117
-0.939920289813811
-1.99201885839413
-2.29967676239337
-1.09546934908557
-2.42270878817057
-0.182021748770619
-0.771585942108936
0.565820079894793
-0.241164907558186
-0.343724434256835
-0.0216261571410136
-0.378128232629503
-0.684108894162605
0.155009955376234
-0.836869031633071
-1.58433644113775
-2.60758748757697
-0.645483548302521
0.715295453221428
0.901665633563692
-0.148719584074418
-0.650195337330731
-0.359841466714668
0.655491744094209
-0.172568696174876
-0.200053426634455
-1.39795599779971
-0.398211541892585
-0.364511897819764
0.877721761194893
0.865126366934374
-0.647811635707645
-0.00324595341696436
1.14730082672059
-0.309165672127047
1.60900369871878
0.246563698097351
1.57495228006569
1.56987861680202
1.29260804368028
-0.843873948353175
-0.771804709114092
1.2010593942463
0.949327271719089
1.01068106563951
-1.64110520190686
0.757123661316508
-1.46009079907719
-0.452202144728339
-2.69029987178576
-1.92493067447989
-0.48174892473591
1.54092991607849
1.24409572182495
0.205425336642169
1.40664081888777
1.5854051498407
2.25362632248569
1.74907165503168
-1.25254330627861
-1.39573099714208
-1.2891020113522
-0.991594109763344
-0.103283139136839
-0.0407474949625983
-0.14242668893675
-1.43940961907456
-0.13564081021731
0.102641899622888
-1.52273675082275
-1.5133407659588
0.372843834745181
0.117481931524379
0.357948523159716
-1.6591865689504
0.907095757515986
-0.233627427829719
-1.58508669687287
-2.28997757598371
0.207631812159895
-0.448684271099926
2.47617539673068
2.87132417988364
0.0339903958322859
0.0351312550321392
0.675531105433765
0.548674142533941
1.33679427380695
1.22553897699134
2.59535074947582
0.381995923546982
1.43993387891418
0.964631312419994
-0.0314651769368433
1.09080044117007
1.38685093597144
0.336948718693889
0.317243781551958
-0.342372716575252
-0.646021097185391
-0.272154786290264
0.999537553091147
0.475069992754123
-0.529654025015349
0.957721942074117
-0.372715304604537
-0.682063280420592
-1.10534272751173
0.079229836681257
1.38835459287852
1.50334985674735
1.13606705633296
-0.87302353148403
-0.97801366658999
-0.0995514709037957
-0.511256409297497
0.363877164378663
0.717249481731454
0.723623222751993
-0.976295919799656
-1.59541611282224
-2.08678385622456
0.0244226302542294
2.00413234075012
3.43310475948397
1.70992013591816
1.31214993419
0.306558565299905
2.45722323036444
0.918744699189041
0.482283947665842
0.597321234386109
-0.226334036975962
0.565562250928252
0.329833881701299
0.559272206352331
-0.190037253047723
1.56679181779929
0.806252485979814
0.52074714514007
1.55070534347373
1.46051301799871
2.46135761180817
3.65807785068973
1.77158877248012
0.118381590459018
0.900788233597872
0.608416409780409
0.175828026005191
-0.243138884650852
0.418716732686529
1.18257723229671
-0.157403800707588
0.322837899744437
-0.522012658802303
-0.492401200968146
-0.883133563714432
1.08438288107867
0.254703696044109
-1.03395663612888
-0.897605016852773
-1.00394178015288
0.394182711923516
1.10694198341798
0.376440349698319
1.23112027676876
0.169379708655224
0.203992891912854
1.16927697671049
1.51277892244012
0.332514294086929
0.475847735324371
-1.34890125051871
-1.78582911782238
1.13149484926187
1.26589515180682
1.10790701974573
0.720937712649105
0.407093432533126
3.35275522880667
1.14026354015175
-0.60123506317812
-0.396708082007849
-0.343310435561822
-1.56671609444957
-1.73580403906864
0.0261589236600517
1.83121577242747
1.21791726699499
0.387316536391651
-0.031321085809156
-1.19672894616755
-1.61911603245821
-0.922820220504237
-0.249701240522617
0.116266437421538
0.309250069676375
-0.119570428588644
-0.885841697021889
-0.97815215779596
-1.44395855796233
-0.772293792478675
0.774556404723156
-0.182862308539021
0.428605964956154
3.43053963340543
1.53183610758515
1.19418003210911
1.33985281628799
0.963101249178276
0.877315962727944
1.28919166951656
0.455315984336828
0.306065013969629
-0.485022547268932
-0.81393825383119
-0.690435077074335
1.73490364184864
1.13853006917644
0.583247851483792
0.0800452907976853
-0.728414431082151
0.0202172328219995
1.96769801720522
1.97871274349989
1.73913480777579
1.89363420898577
1.06782860382039
0.172592434011924
-0.424488921722069
-0.638871626687387
1.0778081808975
1.03974924726572
2.76791304229537
0.532803999644598
-0.725668057959085
0.327930340275939
1.23275062242757
1.43697166176947
1.3048584122407
-0.0253157029422504
-1.14692535088314
-1.17640278792435
-0.267178443684905
1.85369660031663
1.07890517911206
0.325967330522557
-0.0419689727362522
0.242114004427797
0.302906710285292
-2.16151886784771
0.336633592109467
-1.14219808600558
-0.0283451193583416
0.690683992811076
1.10229855255375
1.14326067365753
1.27609634908269
1.54855620722297
-0.0365904393700189
1.02203970634548
0.937002375285035
-0.743281023270534
-2.62514220014016
0.0812468777841369
0.033124305069233
-1.56309766225522
-0.511129971317087
-0.538137826577059
0.946408900626473
1.07911781776476
0.194700607949169
0.681048097765763
0.68078969217245
1.40981595490663
1.87206927869872
0.458446648408273
1.58229101620223
-0.186293648091926
0.875289177814528
2.29487249188331
1.67623013475722
2.18957938906886
0.782538975996455
-0.453720937575199
-0.28992062845754
0.513137456132718
-0.515857650519423
0.263085870617357
-0.234183840176472
-0.0140114840672284
-0.409515525697605
-0.705372059622146
-0.988619050478243
-1.10791353816705
2.42779681808196
1.59519178993316
1.8822985356393
-0.154305741071018
0.269645788856775
1.08556239950681
1.97564656703474
1.25401461252253
0.228577921162966
0.660956195447703
0.621037652371773
1.29842697816147
0.396316233219379
1.17666702469043
0.0754984574527721
2.66805749180271
2.36542665615993
1.47053342161326
-0.883644875336083
-1.51609047594038
-1.46232836683224
-1.3946073734379
0.534090413496228
0.297406498889771
1.18919137292459
0.56428914050374
-0.55902769339663
1.23130545311103
0.888760781517122
1.11002872446228
0.523127221047928
-0.502186595614601
0.886965527314603
0.315088287919446
-0.737779864277982
-1.44272577718718
-1.810468188838
-0.123885971334061
0.631807909203843
-0.109492506726031
0.850411970614002
1.73919992240036
3.13918236762797
3.72519400145098
2.47279224295339
-0.0104785874434398
0.291867486759007
0.282557224807987
0.590701920800274
-0.316532423461117
0.336255755825847
0.628003366947867
0.415435078571455
-0.202275243608846
-0.323992197329804
0.406677937466856
-0.662256167254932
-0.218831712175593
0.714934138749766
1.27196297300457
-0.529245840339838
0.0345449855691878
0.669982183962073
0.978307346554849
-1.3138919550954
-2.01802013200624
-0.718729430720112
0.655530573101661
-0.450774384891082
-0.292205610401443
1.4255625374922
-0.140263129095095
-1.13606838919558
-1.22579192159523
-2.15427958630785
-0.984109379238331
1.07081484633837
0.62712678155597
1.14300342522718
0.0400649284288911
0.52068843994303
-0.122754683336126
1.8902173246291
-0.860289657415053
-1.56533342357424
-1.29829872637331
0.451616737492135
0.651091729219002
-0.070947598535912
-1.78300503639746
-0.615679597745612
0.488908753319616
-0.0551563229998262
-1.5089102154554
0.635370379679678
0.712740656229173
2.10291761397939
-0.630066638002571
-0.636544580916636
-0.724788063895375
-0.529512837412372
0.609078836427051
0.18956147509348
-0.876589679216686
-2.48859843419705
-1.32196051719913
-0.656974708070629
1.14279991206384
2.32613343517512
1.02626292174513
2.73720947957798
0.48823330105728
0.924820751565392
-0.532522864292085
1.76798919443431
0.553855751657309
-1.64481813852824
-0.813825349222366
1.82382195824961
1.95332327212279
0.533167678434127
-0.491863157018944
0.238665317344133
-0.0572323250612252
0.365012723609091
0.656527364522893
0.925036012618021
0.49282442452711
-0.847089906500046
0.268721227294778
-0.391750248218416
-0.534896343610785
-1.03520091947492
-3.10150493777732
-1.7113911403778
0.353374515252817
1.00603600339212
1.4336175911418
0.158076929813874
1.49147369851124
-1.38051625889422
1.0211165465803
0.482269221708582
0.324339318087755
1.14724823448453
1.05828733398612
-0.817627865758237
-1.25778717902015
-1.87091969012297
-1.08100495156756
-0.446791491161784
0.264165476229626
-0.305904273367689
0.938046305800407
-0.249748155300747
-0.112069785589176
2.36988823806182
1.388637739334
0.268240448087148
-1.42535309940804
0.269429952835246
0.307328394031579
0.364256957015284
-0.386565721207751
-0.52489250703558
-0.848369599665445
-1.74305439633335
-1.73449375947999
-1.34155055805774
-0.59089865426385
0.290411368649346
0.161447168294879
-0.417732566899783
-1.20981577428343
-0.135876935836512
-0.274698366418782
0.116728057065181
0.478818445827747
1.74263222253798
0.0629979950249769
-1.49850766113483
-0.522059828162635
0.838020632440829
0.29024718578826
-0.412360001176397
0.561712955967976
0.0950439361735128
2.25621539685365
1.57090663900091
2.39082797427012
1.61144911789355
0.309864886538988
0.631852150869546
-0.0913667959043241
-0.168749044938356
-0.591820992382545
-0.0681195553804617
0.0849909269505997
-0.680849892167215
0.3820634876909
-0.0157029059433408
-1.20878728045621
-1.42377795739531
-1.37884076691658
1.6034254825888
0.541129795998067
-1.18010247880191
-1.37578441088492
-1.07021667362131
0.0404575081241044
0.436057846603412
-0.0602843767045665
0.724202499776853
2.6370483370824
0.715820924315784
-0.109207167942791
-0.573864692821982
1.5252317469787
-0.133317186807618
0.707300881383939
-0.431241238712433
-2.06363055173677
0.218795275599979
-0.121206586480489
0.390832767085688
-0.191920250509097
0.59363821361765
-0.138693717376088
1.14290819507931
0.16251356274467
-0.470883448948519
-0.368428116069115
2.07769803680295
3.24442019501153
2.76295636586111
0.992202728866598
-0.0132670045300071
0.0149113144928975
-2.39496449341395
-1.23994144666177
-1.44602197296031
-0.884327015415286
-0.219299142298667
0.635834275448418
-0.110414458562015
-0.929505804888168
-0.29850049540964
0.704019574162509
-0.683674450709968
-0.808106632270155
-2.16120654755775
-0.716478498113626
0.255332083601434
0.874790509833682
1.63911140534812
0.150955870694962
1.00772113363437
0.202278100700277
1.55374888975115
0.175011599906469
-0.481349726143975
0.0412671148761238
0.546953647476464
0.0643414331596112
0.300586121265778
-0.492412246420027
-2.1414123985582
-3.7463726184228
-3.46027037536449
-2.78760150048545
-0.461122386927074
-0.845244732259654
-0.330491205444828
-1.08280990224297
-0.684310443042466
-1.14573361704531
-0.509246023002144
1.5532012896312
-0.084909918884941
1.37319250005999
1.09113787057831
0.198055531898037
-0.0077202061319564
-1.0119242117316
-0.514875172147739
0.0776084191729502
-0.974153309145522
-1.79130571073106
0.478421393643348
0.0529983044174453
-0.34490526405297
-2.21001774101369
-2.84122527683489
-0.713055452034928
-2.35971495620415
-1.31205973410814
-0.153206381336005
0.278505923576956
-0.457502138299691
0.145576865220664
-0.446175720454037
-0.690915687955604
-0.451921072768855
-0.295306628513969
-0.559364733067883
-2.35010680788912
-1.1247349915225
-1.28461232788947
0.16442347896612
1.52002892664394
0.117746127368966
1.54488945842069
1.6705846238554
3.63488996650709
0.429829137796385
-2.33222587063618
-2.46364716041881
-3.01196871858658
0.814795406166679
0.820449326844036
0.23427940358533
-0.0965008806635473
1.02959007203964
-0.874229022022778
0.806671231862008
-0.335910975805092
1.0572499407909
-0.361915938891711
0.320337323708581
-0.154528582919631
1.1704197207345
1.1830121422587
0.342157100433155
0.0334225223570003
-0.137968084364644
-1.07194449525457
-0.222107705558241
1.09811454327399
-0.128533704118496
-0.779968031926807
0.251399494867734
0.863366684825721
-1.87472743847065
-1.8686847981211
-1.58001739539224
-1.57763177199539
-1.95615259829969
-1.1667104454387
-0.0342905847664115
-0.399230658329202
1.90883726312079
0.598515721201939
-0.369655130653853
-0.820083689845401
-0.505005008237518
1.13679865227556
3.17325395281745
1.36488827940945
-0.284277203083194
