0.850430222376766
2.04284467515922
-0.428613957655867
1.49850710704876
1.87861595597411
1.11608388125964
-1.39129518865756
-0.328289237564651
-0.873484393842637
0.328509762388705
-1.84240144271509
-1.81830192653941
-1.56669303262907
-1.01629734776804
-3.13382968952576
-1.18865055362237
-0.137051351287207
0.514367747539703
-0.00208467797464515
-0.730586100927939
-0.0358928013346972
1.10368621881897
1.35900803899298
-0.0323029474528975
-0.125815042467166
-0.780438500825455
-0.871941022820185
-0.0390447426807819
-1.92203308334218
-1.31023944591367
-1.07408871744325
-0.932064824182564
0.169803704773075
0.340731390430867
-0.837719292587682
-2.20837101793922
0.330774468819759
0.0339090933537134
-0.310826964660535
-1.91920267641767
-0.0679360473677727
-1.40578729520319
0.21435092449282
-0.129641552425322
-0.451708225007007
-0.394474612925527
-0.951002284588759
-0.949814819464025
-0.117504745130371
0.959600812786408
-0.573670103352496
1.44647309841695
0.434683887158182
-0.293072115375002
-0.842564714088236
-0.770384055007527
-0.853423857588939
-1.03210463094509
-1.50065817113235
-1.03750572630679
-1.26608557193771
-0.573844219658723
-0.0181025013551229
0.158742655856159
-2.12449107263332
-0.489341851542239
1.69642451813347
0.987510138313163
1.78023452896285
2.46111590343278
0.659489877589039
0.741408202198046
2.62091593329979
0.445716523261023
-0.657005947376818
2.05193613909563
1.71061896844458
1.34396362404855
0.677727893851973
1.32971874458999
1.06200880297364
0.164128926191434
0.503831410495585
-0.745220943653833
1.54343461847192
1.22031599981025
1.16708943164906
0.899861441722725
1.18796993273013
2.49222373826361
1.0507261163144
1.31241638910613
1.47277933192588
0.0336243410272952
1.37070823244633
1.66880072506891
2.66916561974519
0.994024598974534
1.38481361389687
0.350376976672029
1.08652997426002
-1.8099540357616
-0.882379500362646
-0.615754658813873
-1.20122994054364
-1.8801563095292
-1.46190019083273
-1.45752023988656
-2.15935947328542
0.135615791037248
-0.997471638557759
-2.59087716145107
-2.1800842550561
-2.47147678632498
-1.88734049768079
-0.694018492675408
-0.267990511407317
1.09567264054846
-1.04720428070357
-0.261870536456249
-1.20634083268544
-1.37453728614844
-1.45977588526095
-1.25854854985222
-1.98235886967592
0.686479119092413
1.8885481227697
1.09149172780567
0.925253371176811
1.24626614678147
1.26294667351257
3.26178990062074
1.9043775705143
1.48328728743284
1.16914267882041
-0.253558637511786
0.649298257749122
2.68514331419277
3.24791850378172
2.39774231780233
1.84854599533747
1.29687168573358
1.25923062427274
2.2459450957599
2.05070952827558
1.86281416337702
1.4069048647406
1.19940714703719
1.31892004607667
-0.341645921103322
-1.61198435818787
-2.63419784190675
-1.38617138545327
-0.983875450630892
-2.36233724421801
0.68094990555141
0.968862267512226
-0.817028630033305
-0.329572036585512
-0.111846839563945
0.191793401005631
0.146817860008132
-0.0410635003583886
0.969829256837762
2.03570975163878
2.62972555861651
1.80743703289739
4.36735811347852
1.98920199935204
2.23331521839967
1.32842563211652
0.861003242354339
0.664914116768123
1.85368346699267
2.53107149972607
2.10826214035323
2.16297979436891
2.6044965891859
2.60679392307133
3.55190632116296
3.99747593193068
5.36448633630149
3.99661637107803
2.82953376928232
3.41115052410291
2.35851413569635
4.60122777330459
2.40321665279136
3.4891158047072
1.31669151126245
0.974635157578402
1.10488382487095
1.07573968186937
1.74320079544016
2.15547231170887
-0.300606093548867
2.0584720930395
1.0800472477771
1.68404396337515
1.05238337532036
0.705054591137503
1.277245263443
1.18631683841247
1.83655965398984
2.82780005548208
2.6943188013565
2.63810696739229
1.97954162664497
3.10285624301099
0.982007226054168
1.04598615174321
1.56188642261335
0.50530296051772
2.13235547004721
1.8918140885958
0.172377392287859
0.489892945842546
1.17673460547197
-1.85203663491131
-0.433965256890684
-0.867960720340209
-1.00332785250469
0.76970475880607
-0.252640015043117
1.54855955613241
0.925163048948745
0.208003483148213
1.16907269919238
-0.109318602778767
-1.1006251855918
-1.4051280293326
1.08493990437944
-1.258237924059
0.816433544940418
-0.969669609523181
-1.02100923406532
0.981249944436091
0.446144649121367
0.994355840671259
-0.706565633944964
0.0914229392104926
-1.43001988250666
-3.25394914860633
-1.57567398580754
-2.28542769286762
-3.84857760972385
-2.17729474473366
-3.29886440806408
-1.83513948817793
-2.34767032850989
0.0756135603732405
0.413622883929108
-0.424657607499719
1.13148801208426
-0.793108688292191
-0.332700709328177
-1.010793058103
0.061543064459532
-0.773624173820927
0.0205983723541547
-2.44999754951996
-1.27163960094734
-0.316080398399053
0.514329734548365
0.28612326980456
1.09265590110989
0.939089593234452
1.5702335653612
1.50903291063123
0.367244845161566
-0.663030533190396
0.311194907573963
0.575522226253339
0.0687226033611105
0.481835864536464
0.352404212013824
0.617468953047903
0.794480068861322
0.212007007840023
-1.50461802350556
-0.562772202022399
-1.049016356816
-0.608078269980774
-2.21864619828008
-2.45667455039861
-2.36553499507423
-2.57274792115458
-2.16274127181774
-1.76044560196724
-2.26861150202542
-1.15065694185469
-0.744469067004484
0.372144754167754
0.31860798895594
-0.465690843950229
-0.356895823471076
-1.13197031719007
0.271215677540196
-0.345463704133109
-0.226442474043212
0.71124793323794
0.254850079810874
-0.436539433919344
0.955274969534805
1.26132997319275
-0.264856759212241
0.970273290423811
0.352982194124518
-0.504649058644497
0.594879145647383
1.91093551719353
0.976156448308016
0.179635651695553
0.750577184737748
2.29267818231562
0.971536541939686
2.81064167763
1.85908517952112
1.82879484589914
-0.352936313826082
-0.721048211739675
-0.320196224977353
-1.9157737392038
-1.01762972466179
-1.88601135886778
-0.783023944764126
0.124820225713854
0.128251839298893
-0.516804934022352
0.513107383483544
0.153464069770389
1.0854937649965
2.91864836066901
2.78731185043589
3.55211708212283
3.75746672843915
2.93360534796003
3.66628704630378
3.54759703330598
1.99389495747325
3.84803542654758
1.59875218184389
2.34451405870586
1.27097919921346
0.772130902753348
-0.173050187447464
1.59480797940063
0.376199346550093
-0.576669721691097
-1.26742846337727
-2.15684627123482
0.329179615158482
-1.9973249551641
-0.0671268625700484
-1.15244268658104
-1.58316380693453
-1.9276259382185
-1.23092314475979
-1.7781766536948
0.517998032697892
2.33450623061505
1.98558340079811
1.29814124338323
1.66300839202604
3.09769119690831
1.08588248410526
-0.614293703613296
-1.25659986838633
-0.226220833592879
0.640971165714848
1.69049437814591
2.22635064247861
3.41334582424289
0.379423107741518
1.43435859781423
-0.0704077157906402
1.52057441349578
0.662758657412949
-0.932824311231248
-0.189380407323149
-0.363894560225616
0.145392813838465
0.949341195059126
1.4083179214023
0.399313090737635
0.329274865936481
-0.674098136647543
-1.14729700876189
0.242171893328819
0.248143222611385
0.32097017931426
-0.838738998324625
-0.00154432500078633
-0.534806453208551
1.01596971280417
-0.100158040220977
-0.10433098290477
-0.882885798473721
0.0573938915104613
0.130911168445228
-0.478059903368713
0.321344872528973
1.08754326971725
-1.58412746275654
0.460203695211803
0.0585167167101425
-1.01006115356098
-0.629809551945536
-0.0585449615776294
0.658111292275755
0.993688896493851
0.311288921876472
0.344026016501451
-1.4151787329572
0.0272055435421137
0.0708489640990555
1.86698053505059
1.8169110120782
1.73107173084728
2.19359699890486
3.25198834419797
1.49630458701843
1.92986497189237
-0.710616729750433
0.411696278580453
-1.12681139354856
0.170024477618029
-1.38081417215143
-0.993762247190054
0.974465032852288
0.745896526060232
1.95391184502717
0.474464371754785
-0.150621247364213
0.263567561545466
0.166017374115108
-0.72579889183282
-2.28795286903148
-0.173189279634586
0.377723508825512
-0.489391439871056
-0.49065217814064
-0.530198976333212
-1.91545826488136
-0.504853147723472
-1.07504067436163
0.0428426387194435
-0.213222219474103
-0.463031906179257
-0.448992090645015
-1.12061197427273
-0.553089031958143
-0.254558157222604
1.81533495804376
0.633959354133635
0.356166853621045
-0.749010103307428
-0.474786233164764
0.468168141120497
-2.20214416701571
-1.32445433293294
-0.404103313025711
0.711483503168997
0.424627005610197
-0.0345992238741546
-0.803403893650898
-0.900331082260271
-2.07987197903663
-2.48080803505793
-1.18518472166611
-0.215970530161006
1.14845340838923
1.44764037256016
1.85919493162682
3.40614050273852
0.347471296772304
1.45700538391343
1.39884184789863
1.05716774258044
1.37523904935065
0.353336474994243
0.25183392970525
1.48695131953552
0.354717551025524
1.49703127345341
0.787117534885149
-1.44765711297544
-1.20446369181632
-1.73760272888292
-0.92216137205661
-1.03582347036676
-0.96477016310195
-1.32883504206417
-1.71546539045142
-1.08483703437886
-2.13808302271262
-2.4299142252484
-1.04722554925836
-0.0223726061256241
-0.0755413930985926
0.147886308969419
2.37696786828136
-0.157621072155592
0.783291436548596
0.354114088545899
-2.16458825457579
-0.842003126943672
-0.154074074547156
-1.03547360707695
-0.77027738230448
0.838434756486309
-0.258947080607185
0.286113045383638
-0.177431777594478
-0.795784099455361
-1.1735236416476
-0.730289303950343
0.229195092872576
-0.114034228961252
-0.178553407149502
-0.444996110587349
-0.194908965639928
-0.285937582918428
-0.77017205729832
-0.676229614234444
-0.033537743013939
-1.52128108557285
-1.17375600093684
0.146398821719172
0.473863651390142
0.284647742568537
1.03779234895984
0.563352487918671
1.24241205466497
1.18875476642016
-0.897010118428759
0.296617977014831
-1.42317517195761
-0.25153832820856
0.22087586028084
1.08545445824047
1.1911512514331
0.164795006393153
0.820548720217595
-1.09550926862228
0.120910984865757
-0.0148979950269661
0.687384046158059
0.564615050286238
-0.738413052855503
-1.01654076605323
-0.522689727360153
-0.695999390508117
-1.04966308880069
-0.139699329281046
-1.53746510660265
-1.3627222130777
-1.12273331344083
-1.76927662438191
-1.77508226837475
0.196903533477571
2.05174231580035
1.5999448204204
0.416170277563627
0.533923910144635
1.74741452255693
-0.434977624337482
0.432501302176324
-1.48567929539481
-1.42015610472643
-1.40474918926607
-1.71579189239846
0.756677599291121
-0.445347567128343
-1.40314580245976
-1.67002571646578
-1.16288563403261
-1.51108878028805
0.00899115583377297
0.635386425136852
1.98152134757213
1.31197237056678
2.03214479634172
2.01673115670952
1.93149621144412
2.08560457507093
4.43205860026285
2.44017962102605
1.14756986714696
2.78632320075001
1.89595144993573
2.04780113680046
3.44356702051936
3.56245438813916
2.90554508491611
3.01002064646029
3.82674542060436
3.72242172906176
2.51108590884959
2.07465131427131
2.80499595013023
1.58890472683768
-0.884778328371795
0.559095012231856
-0.424198824851635
-0.0255303716917646
0.233512252067187
-2.41714969635176
-3.56981907178513
-2.6711958216156
-1.07555303476112
-2.07351336956014
-0.788453793437489
-2.02615448517104
-1.66317169961798
0.655066027077945
0.937447829466535
0.876822485972806
1.44096050547441
1.16770168580754
0.990234380517655
-0.20656498849465
0.8357558059628
0.834320998881703
0.526191049286427
0.488383511619891
0.278743124988217
0.812650560362629
0.413247541225435
-0.725888519507202
0.625898001281578
1.42684474384522
1.35041702809635
3.92543202325505
1.90633851277421
1.06056439337388
0.208599297727735
-1.03049698350755
-0.808273110590372
-0.205405156462536
-2.02151287318035
-0.93485991843998
-3.35710846233269
-1.49616181518912
-1.61576347513714
-0.87969752027154
-0.926010799875612
-1.728299790715
-1.88729283816963
-2.83660964877563
-3.83557499415473
-2.18569253711855
-2.04600640797341
-1.12045294544131
0.948063110761566
0.0924456918361726
0.701468889887807
0.0960516206981545
-0.797979425340639
-2.17169247551664
-1.72184254353044
-2.42923742679316
-0.925812292868035
-0.431636766236376
0.557872254500985
-0.374433081000117
-0.217955081508622
-0.381549632525552
2.21592869435104
1.86720681006512
2.76271742955381
4.17476014259343
5.62351477297277
3.49095164477495
1.41115171093868
0.117612854015225
0.511686157833109
-0.615336838848663
0.170593761180329
1.46442605751013
2.93628741214793
2.07560336500029
2.96607934935036
1.70280988699843
0.933653452668018
-0.179104386954891
2.33702443570605
1.34184487819115
2.12344931627743
1.67704288343778
0.885168702872497
1.82077898941137
3.34928135118785
1.93619494996908
0.922501042699659
0.245463179072353
0.958981435210903
0.53689178155192
0.0809163477748318
0.17103600902368
0.547980688195376
0.66647670717989
-0.578860679402651
-2.03227706397361
-1.93180241483861
-1.80218784338137
-1.07995791804444
-2.07234276341277
-0.777348367261588
-1.1968728162633
-0.731013158813047
-0.109855453487041
-0.341579635455723
-1.76639293966663
-1.11252485937454
-2.45012954825143
-0.967829607199708
0.531446696857354
1.84940836200208
1.73915068931077
2.91834045227269
2.00280101629166
2.69040197047085
1.79240113476532
2.99820936917136
3.35030643980507
2.97676827928137
3.9683022755019
0.954825853324408
2.97132202524457
1.69572767207298
1.52047887110659
-0.161364497128293
-0.538993072121889
1.9356019089294
0.677900814021742
2.71158352640433
3.31669981914147
2.62659103589039
2.47232946530593
0.574313787841574
-0.412735675591947
1.86162616076068
-1.15143089939399
-0.33080012904754
-1.81981316084714
-1.58507607271315
-0.633797884770979
-1.16073135635933
0.930107140895843
-0.0745913395581483
1.40863535223134
1.67143143030549
0.477741754372683
0.54494151771408
0.550779719058525
1.45651161184757
2.82148912389849
2.10965329036851
2.37127863843299
2.43364212022524
2.32955038051491
3.64510358591151
4.66803408975407
2.39340661990262
2.33719135242386
-0.321258838448372
0.465169236336367
-0.503845062060112
1.10858160315201
0.929099734604651
1.21811382156682
0.979594710773729
2.93536205825892
1.49121571390712
0.726285438939719
0.623762368804357
0.921284249572476
-0.233116881663408
-1.18533368775804
-1.93841134444821
-1.09390299402629
-0.879522812791205
0.913180874809509
0.149303909447997
-0.347502281925236
0.226727704196402
-1.44583972546136
0.434873709359238
0.304810557030492
1.55884949635836
-0.135338609771603
0.504126377372003
0.806022676478003
-0.22761771308959
1.97332689601751
1.68995646844546
0.0757424860188537
0.625555925527953
1.61866636481165
0.623239246649668
0.0172034228269293
2.10659033488424
0.874860116143724
0.860352856345034
0.69676042619203
-0.44087197603554
-0.112871626149881
-0.154712011469415
0.46964728264452
-0.974157805334742
-1.45118621676165
1.41342866902296
-2.42855838111358
-1.28734907356637
-1.2690461689625
0.405898402647785
-0.953310047128347
-1.40892604661523
-1.88087068442686
-0.757564863943414
-0.657035073998568
-2.62613033473079
-1.90859535937214
-3.36827721720642
-0.997694275944114
-0.701608390651446
-0.348706293531997
-0.356524540458552
0.789999481727334
1.16759566725343
0.280919386902451
0.275960348989184
0.248404393812389
-0.00116981050610086
0.710268075734869
3.42209085919242
1.60427618319456
2.10027709338164
1.89129215515488
0.49095427657818
0.636759233731212
0.0949962376395475
0.168085068732678
0.598046374951985
1.91924028470756
1.49631756620167
2.97327824609047
2.33768912828942
1.43532875452503
0.394106666609449
3.16970957175335
1.22032375604151
3.3057908257279
0.580705809585803
1.53748720210535
-0.357853236528078
-0.121409597814512
0.378576446464304
0.579363647973686
-0.976447441655779
-1.82742387570391
-1.77006168364504
-0.746654795360547
0.444464959603252
0.0245798927988322
-0.368249245778057
-0.442569953134402
-0.783833779783828
0.135962347441753
-0.584338751205535
1.6354387853797
-1.48471630173136
-0.654803140658497
-0.754702477693271
-1.25746138206114
-1.74801109747151
-2.59117632057315
-1.43613736074632
-1.70741898751641
-1.79369618008555
-0.291426471959734
-1.56024289801349
0.32116637003463
-1.55578281953878
1.11375180301351
-0.385071178727569
0.829758869322832
-0.954055652224842
-0.54665289366399
0.275356464305596
-1.83127588045542
-1.18147509555674
-1.01146821754909
-0.370557817394745
-0.9951884442735
0.852572400753492
1.65919655867552
1.0684724811691
1.52690383858264
0.129402675566419
2.3288658646074
0.896815795997475
-0.00323393800676364
-0.670748274058412
-1.53125192108536
-1.08144254696532
-1.89036634894814
-1.23999958514293
0.299041279325102
-0.0291180304798677
-0.415783245561041
0.0494663432715705
0.711434968869544
0.632903678860367
-0.033730132085555
0.330819403535952
-0.525029796010763
-0.869671389620325
-0.589308076926702
-1.57375522140049
-2.52973426537315
-0.523412242988372
-0.0597888018625446
-0.413512450457405
-0.134470634135019
1.69313348515464
1.10700596864615
0.129782896093911
0.741342672542991
2.14271594455335
1.1180380333353
0.683688790233841
2.58666130065717
1.68246563141155
3.12253797224249
1.21573623089021
1.74042238638996
1.2695019999082
-0.130794319883072
-1.55338741065628
-2.41779425682458
-0.74513175052048
-0.591061053826589
-0.0499006232729571
-0.422340253890953
-1.65182460804756
-0.82150949894389
0.117184877637925
-1.17199988091688
-0.600236393939189
-0.61335965997029
-0.716200547853915
-0.0337212733277375
2.83554119568846
0.746890058494024
1.1862912257662
-0.0705118039068199
0.92080702463475
0.826342509982147
-0.3918918619449
0.364503857483652
1.47579826220283
0.382218467635784
-0.099256858003421
0.0589350790194103
-0.326984143262757
-2.08951099977271
-0.998219363462873
-0.829350865789114
-0.955963244865658
-0.513472964604528
-0.901693068276646
-0.856131409647091
0.65465017928477
-0.0324976074755636
-0.126944622214675
-1.06760517355133
-1.18704991293586
-2.60093027119925
-3.93291390560479
-2.5774096927539
-0.622403586496309
-0.292872481992691
-2.42143864671991
-0.511665082792802
-0.774091964983421
-0.69240256652799
-1.32496065064649
-2.55640025908188
-1.72942121497033
-2.13974919747113
-0.652061749450135
-0.61297028265479
0.781702631016216
-0.242039129117841
0.0273269461827173
0.333328074837683
0.251054266137937
0.651415461950026
